  A   Z Nuc Mass (MeV)
  1   0        939.565
  1   1        938.272
  2   1       1875.613
  3   1       2808.921
  3   2       2808.392
  4   1       3750.087
  4   2       3727.379
  4   3       3749.767
  5   1       4689.852
  5   2       4667.680
  5   3       4667.617
  6   1       5630.329
  6   2       5605.535
  6   3       5601.519
  6   4       5605.296
  7   2       6545.510
  7   3       6533.833
  7   4       6534.184
  7   5       6545.581
  8   2       7482.541
  8   3       7471.366
  8   4       7454.851
  8   5       7472.320
  8   6       7483.952
  9   2       8423.361
  9   3       8406.869
  9   4       8392.752
  9   5       8393.309
  9   6       8409.293
 10   2       9363.116
 10   3       9346.461
 10   4       9325.505
 10   5       9324.437
 10   6       9327.575
 10   7       9350.165
 11   3      10285.631
 11   4      10264.569
 11   5      10252.548
 11   6      10254.019
 11   7      10267.163
 12   3      11225.406
 12   4      11200.963
 12   5      11188.744
 12   6      11174.864
 12   7      11191.692
 12   8      11205.758
 13   3      12164.871
 13   4      12141.039
 13   5      12123.431
 13   6      12109.483
 13   7      12111.193
 13   8      12128.453
 14   4      13078.828
 14   5      13062.027
 14   6      13040.872
 14   7      13040.205
 14   8      13044.839
 14   9      13068.286
 15   4      14020.194
 15   5      13998.815
 15   6      13979.220
 15   7      13968.937
 15   8      13971.181
 15   9      13984.382
 15  10      14007.520
 16   4      14959.309
 16   5      14938.464
 16   6      14914.535
 16   7      14906.014
 16   8      14895.083
 16   9      14909.990
 16  10      14922.786
 17   5      15876.562
 17   6      15853.367
 17   7      15839.694
 17   8      15830.505
 17   9      15832.755
 17  10      15846.794
 17  11      15864.956
 18   5      16816.132
 18   6      16788.748
 18   7      16776.431
 18   8      16762.025
 18   9      16763.171
 18  10      16767.105
 18  11      16786.315
 19   5      17755.604
 19   6      17727.737
 19   7      17710.669
 19   8      17697.635
 19   9      17692.304
 19  10      17695.033
 19  11      17705.701
 19  12      17724.090
 20   6      18664.321
 20   7      18648.073
 20   8      18629.592
 20   9      18625.268
 20  10      18617.734
 20  11      18631.116
 20  12      18641.233
 21   7      19583.032
 21   8      19565.352
 21   9      19556.732
 21  10      19550.538
 21  11      19553.575
 21  12      19566.153
 22   6      20543.416
 22   7      20521.059
 22   8      20498.067
 22   9      20491.067
 22  10      20479.739
 22  11      20482.072
 22  12      20486.344
 23   7      21457.509
 23   8      21434.900
 23   9      21423.053
 23  10      21414.104
 23  11      21409.218
 23  12      21412.764
 23  13      21424.476
 24   8      22370.273
 24   9      22358.807
 24  10      22344.800
 24  11      22341.824
 24  12      22335.798
 24  13      22349.173
 24  14      22359.457
 25   8      23310.595
 25   9      23294.090
 25  10      23280.210
 25  11      23272.378
 25  12      23268.033
 25  13      23271.800
 25  14      23284.034
 26   8      24249.422
 26   9      24232.899
 26  10      24214.221
 26  11      24206.369
 26  12      24196.505
 26  13      24200.000
 26  14      24204.559
 27   9      25171.195
 27  10      25152.285
 27  11      25139.206
 27  12      25129.627
 27  13      25126.507
 27  14      25130.810
 27  15      25141.962
 28   9      26110.980
 28  10      26088.028
 28  11      26075.230
 28  12      26060.689
 28  13      26058.348
 28  14      26053.196
 28  15      26067.031
 28  16      26077.743
 29   9      27048.883
 29  10      27026.622
 29  11      27010.392
 29  12      26996.599
 29  13      26988.485
 29  14      26984.288
 29  15      26988.720
 29  16      27002.007
 29  17      27017.817
 30  10      27962.997
 30  11      27947.681
 30  12      27929.813
 30  13      27922.322
 30  14      27913.244
 30  15      27916.966
 30  16      27922.599
 30  18      27956.570
 31  10      28902.392
 31  11      28882.946
 31  12      28867.068
 31  13      28854.730
 31  14      28846.222
 31  15      28844.221
 31  16      28849.109
 31  17      28860.608
 32  11      29820.835
 32  12      29800.856
 32  13      29790.075
 32  14      29776.587
 32  15      29775.851
 32  16      29773.630
 32  17      29785.802
 32  18      29796.427
 33  11      30757.469
 33  12      30738.141
 33  13      30724.171
 33  14      30711.645
 33  15      30705.312
 33  16      30704.554
 33  17      30709.627
 33  18      30720.737
 34  11      31696.863
 34  12      31672.996
 34  13      31661.163
 34  14      31643.696
 34  15      31638.595
 34  16      31632.702
 34  17      31637.685
 34  18      31643.237
 35  12      32611.807
 35  13      32595.433
 35  14      32580.756
 35  15      32569.780
 35  16      32565.282
 35  17      32564.605
 35  18      32570.063
 35  19      32581.428
 36  12      33548.041
 36  13      33533.101
 36  14      33514.205
 36  15      33505.881
 36  16      33494.958
 36  17      33495.591
 36  18      33494.372
 36  19      33506.678
 36  20      33517.135
 37  12      34487.366
 37  13      34468.455
 37  14      34451.564
 37  15      34438.630
 37  16      34430.220
 37  17      34424.846
 37  18      34425.150
 37  19      34430.789
 37  20      34441.944
 38  13      35406.349
 38  14      35385.459
 38  15      35374.498
 38  16      35361.749
 38  17      35358.303
 38  18      35352.877
 38  19      35358.282
 38  20      35364.516
 39  14      36323.444
 39  15      36307.839
 39  16      36296.942
 39  17      36289.795
 39  18      36285.844
 39  19      36284.770
 39  20      36290.786
 39  21      36303.387
 40  14      37258.047
 40  15      37243.994
 40  16      37228.761
 40  17      37223.532
 40  18      37215.540
 40  19      37216.536
 40  20      37214.716
 40  21      37228.530
 40  22      37239.695
 41  14      38196.232
 41  15      38178.623
 41  16      38164.084
 41  17      38155.276
 41  18      38149.007
 41  19      38146.006
 41  20      38145.919
 41  21      38151.905
 41  22      38164.342
 42  15      39116.106
 42  16      39096.949
 42  17      39089.246
 42  18      39079.146
 42  19      39078.037
 42  20      39074.003
 42  21      39079.921
 42  22      39086.429
 43  15      40051.270
 43  16      40033.886
 43  17      40021.412
 43  18      40013.053
 43  19      40007.978
 43  20      40005.636
 43  21      40007.348
 43  22      40013.706
 43  23      40024.603
 44  16      40968.371
 44  17      40956.681
 44  18      40943.883
 44  19      40940.266
 44  20      40934.070
 44  21      40937.214
 44  22      40936.973
 44  23      40949.897
 45  16      41905.080
 45  17      41890.297
 45  18      41878.280
 45  19      41870.926
 45  20      41866.221
 45  21      41865.452
 45  22      41867.006
 45  23      41873.621
 45  24      41885.484
 46  17      42826.195
 46  18      42809.772
 46  19      42803.622
 46  20      42795.388
 46  21      42796.257
 46  22      42793.382
 46  23      42799.926
 46  24      42807.022
 47  18      43745.673
 47  19      43734.818
 47  20      43727.677
 47  21      43725.176
 47  22      43724.066
 47  23      43726.489
 47  24      43733.425
 47  25      43744.913
 48  18      44680.252
 48  19      44669.740
 48  20      44657.291
 48  21      44656.503
 48  22      44652.005
 48  23      44655.512
 48  24      44656.659
 48  25      44669.677
 49  19      45603.907
 49  20      45591.710
 49  21      45585.939
 49  22      45583.428
 49  23      45583.522
 49  24      45585.642
 49  25      45592.847
 49  26      45605.209
 50  19      46539.284
 50  20      46524.914
 50  21      46519.447
 50  22      46512.054
 50  23      46513.754
 50  24      46512.207
 50  25      46519.334
 50  26      46526.977
 51  19      47473.990
 51  20      47459.665
 51  21      47452.260
 51  22      47445.247
 51  23      47442.268
 51  24      47442.512
 51  25      47445.212
 51  26      47452.745
 51  27      47465.098
 52  19      48410.863
 52  20      48393.225
 52  21      48386.540
 52  22      48377.005
 52  23      48374.522
 52  24      48370.039
 52  25      48374.242
 52  26      48376.111
 52  27      48389.573
 53  19      49347.199
 53  20      49329.598
 53  21      49319.570
 53  22      49311.137
 53  23      49305.609
 53  24      49301.665
 53  25      49301.754
 53  26      49304.988
 53  27      49312.769
 53  28      49325.290
 54  20      50265.319
 54  21      50256.080
 54  22      50243.841
 54  23      50239.061
 54  24      50231.511
 54  25      50232.380
 54  26      50231.176
 54  27      50238.912
 54  28      50247.136
 55  21      51191.306
 55  22      51179.289
 55  23      51171.304
 55  24      51164.830
 55  25      51161.720
 55  26      51161.443
 55  27      51164.387
 55  28      51172.573
 55  29      51185.766
 56  21      52128.107
 56  22      52113.131
 56  23      52105.787
 56  24      52096.149
 56  25      52094.015
 56  26      52089.811
 56  27      52093.870
 56  28      52095.495
 56  29      52110.253
 57  21      53063.457
 57  22      53050.029
 57  23      53039.023
 57  24      53030.404
 57  25      53024.934
 57  26      53021.730
 57  27      53022.059
 57  28      53024.813
 57  29      53033.081
 58  23      53974.529
 58  24      53962.431
 58  25      53958.087
 58  26      53951.251
 58  27      53953.052
 58  28      53952.162
 58  29      53960.216
 58  30      53969.078
 59  23      54908.593
 59  24      54897.831
 59  25      54889.883
 59  26      54884.236
 59  27      54882.163
 59  28      54882.729
 59  29      54887.020
 59  30      54895.655
 60  23      55844.677
 60  24      55830.741
 60  25      55823.935
 60  26      55814.982
 60  27      55814.237
 60  28      55810.906
 60  29      55816.527
 60  30      55820.190
 61  23      56778.906
 61  24      56766.429
 61  25      56756.654
 61  26      56748.968
 61  27      56744.483
 61  28      56742.652
 61  29      56744.382
 61  30      56749.510
 61  31      56758.217
 62  24      57699.504
 62  25      57691.367
 62  26      57680.505
 62  27      57677.451
 62  28      57671.621
 62  29      57675.073
 62  30      57676.185
 62  31      57684.859
 63  24      58635.885
 63  25      58624.498
 63  26      58615.241
 63  27      58608.518
 63  28      58604.349
 63  29      58603.775
 63  30      58606.634
 63  31      58611.793
 63  32      58620.912
 64  24      59569.907
 64  25      59559.890
 64  26      59547.401
 64  27      59542.071
 64  28      59534.257
 64  29      59535.424
 64  30      59534.337
 64  31      59541.001
 64  32      59545.012
 65  25      60493.406
 65  26      60482.647
 65  27      60474.172
 65  28      60467.724
 65  29      60465.079
 65  30      60465.923
 65  31      60468.671
 65  32      60474.343
 65  33      60483.378
 66  25      61429.117
 66  26      61415.291
 66  27      61408.443
 66  28      61398.338
 66  29      61397.578
 66  30      61394.430
 66  31      61399.099
 66  32      61400.709
 66  33      61409.784
 67  26      62351.243
 67  27      62341.024
 67  28      62332.095
 67  29      62328.011
 67  30      62326.943
 67  31      62327.437
 67  32      62331.151
 67  33      62336.716
 67  34      62346.216
 68  26      63284.860
 68  27      63275.909
 68  28      63263.868
 68  29      63261.258
 68  30      63256.311
 68  31      63258.725
 68  32      63258.325
 68  33      63265.903
 68  34      63270.101
 69  27      64209.055
 69  28      64198.848
 69  29      64192.583
 69  30      64189.394
 69  31      64187.977
 69  32      64189.697
 69  33      64193.179
 69  34      64199.350
 69  35      64209.019
 70  28      65131.106
 70  29      65126.837
 70  30      65119.741
 70  31      65119.889
 70  32      65117.730
 70  33      65123.444
 70  34      65125.349
 70  35      65135.347
 71  27      66077.952
 71  28      66066.408
 71  29      66058.596
 71  30      66053.471
 71  31      66050.154
 71  32      66049.880
 71  33      66051.386
 71  34      66055.627
 71  35      66061.764
 71  36      66071.434
 72  28      66999.082
 72  29      66993.018
 72  30      66984.148
 72  31      66983.199
 72  32      66978.694
 72  33      66982.544
 72  34      66982.399
 72  35      66990.699
 72  36      66995.314
 73  28      67934.694
 73  29      67925.308
 73  30      67918.195
 73  31      67913.582
 73  32      67911.477
 73  33      67911.315
 73  34      67913.534
 73  35      67917.608
 73  36      67924.197
 74  29      68859.783
 74  30      68849.525
 74  31      68846.726
 74  32      68840.846
 74  33      68842.902
 74  34      68841.042
 74  35      68847.461
 74  36      68849.911
 74  37      68859.821
 75  29      69792.812
 75  30      69784.217
 75  31      69777.805
 75  32      69773.906
 75  33      69772.222
 75  34      69772.580
 75  35      69775.136
 75  36      69779.414
 75  37      69786.013
 75  38      69796.107
 76  29      70727.802
 76  30      70715.967
 76  31      70711.467
 76  32      70704.044
 76  33      70704.459
 76  34      70700.992
 76  35      70705.448
 76  36      70706.218
 76  37      70714.246
 76  38      70719.972
 77  30      71650.975
 77  31      71643.265
 77  32      71637.538
 77  33      71634.328
 77  34      71633.138
 77  35      71633.997
 77  36      71636.556
 77  37      71641.389
 77  38      71647.911
 78  29      72597.268
 78  30      72583.775
 78  31      72577.046
 78  32      72568.383
 78  33      72566.921
 78  34      72562.206
 78  35      72565.273
 78  36      72564.041
 78  37      72570.778
 78  38      72574.034
 79  30      73519.320
 79  31      73509.698
 79  32      73502.212
 79  33      73497.596
 79  34      73494.808
 79  35      73494.152
 79  36      73495.271
 79  37      73498.405
 79  38      73503.225
 79  39      73510.379
 80  30      74452.598
 80  31      74444.516
 80  32      74433.698
 80  33      74430.512
 80  34      74424.460
 80  35      74425.825
 80  36      74423.314
 80  37      74428.526
 80  38      74429.885
 80  39      74438.543
 81  30      75389.541
 81  31      75377.606
 81  32      75368.435
 81  33      75361.687
 81  34      75357.325
 81  35      75355.231
 81  36      75355.006
 81  37      75356.739
 81  38      75360.162
 81  39      75365.472
 81  40      75373.220
 82  30      76324.921
 82  31      76313.797
 82  32      76300.806
 82  33      76295.609
 82  34      76287.614
 82  35      76287.203
 82  36      76283.604
 82  37      76287.502
 82  38      76287.174
 82  39      76294.615
 82  40      76298.543
 83  31      77248.965
 83  32      77236.739
 83  33      77227.539
 83  34      77221.362
 83  35      77217.182
 83  36      77215.699
 83  37      77216.114
 83  38      77217.881
 83  39      77221.967
 83  40      77227.756
 83  41      77235.607
 84  32      78171.061
 84  33      78162.849
 84  34      78152.249
 84  35      78149.907
 84  36      78144.745
 84  37      78146.919
 84  38      78145.523
 84  39      78151.773
 84  40      78153.740
 84  41      78163.438
 85  32      79107.580
 85  33      79097.008
 85  34      79087.277
 85  35      79080.609
 85  36      79077.198
 85  37      79076.005
 85  38      79076.563
 85  39      79079.319
 85  40      79083.481
 85  41      79089.871
 85  42      79098.137
 86  32      80042.798
 86  33      80032.729
 86  34      80020.681
 86  35      80015.046
 86  36      80006.907
 86  37      80006.919
 86  38      80004.638
 86  39      80009.372
 86  40      80010.181
 86  41      80018.511
 86  42      80023.030
 87  33      80967.567
 87  34      80956.252
 87  35      80948.281
 87  36      80940.957
 87  37      80936.563
 87  38      80935.775
 87  39      80937.131
 87  40      80940.297
 87  41      80945.265
 87  42      80951.750
 87  43      80960.440
 88  34      81890.289
 88  35      81882.951
 88  36      81873.469
 88  37      81870.046
 88  38      81864.227
 88  39      81867.345
 88  40      81867.510
 88  41      81874.460
 88  42      81877.442
 88  43      81887.943
 89  34      82826.674
 89  35      82816.886
 89  36      82808.119
 89  37      82802.436
 89  38      82797.434
 89  39      82795.429
 89  40      82797.757
 89  41      82801.502
 89  42      82806.608
 89  43      82813.723
 90  34      83761.361
 90  35      83752.654
 90  36      83741.189
 90  37      83736.278
 90  38      83729.189
 90  39      83728.138
 90  40      83725.354
 90  41      83730.960
 90  42      83732.944
 90  43      83741.888
 90  44      83747.224
 91  34      84698.075
 91  35      84687.041
 91  36      84676.669
 91  37      84669.392
 91  38      84662.979
 91  39      84659.775
 91  40      84657.725
 91  41      84658.478
 91  42      84662.402
 91  43      84668.120
 91  44      84675.362
 92  35      85623.410
 92  36      85610.368
 92  37      85603.859
 92  38      85595.258
 92  39      85592.803
 92  40      85588.656
 92  41      85590.156
 92  42      85589.296
 92  43      85596.675
 92  44      85600.795
 92  45      85611.593
 93  35      86558.247
 93  36      86546.495
 93  37      86537.505
 93  38      86529.534
 93  39      86524.887
 93  40      86521.487
 93  41      86520.891
 93  42      86520.792
 93  43      86523.488
 93  44      86529.373
 93  45      86537.074
 94  36      87480.777
 94  37      87473.056
 94  38      87462.268
 94  39      87458.257
 94  40      87452.834
 94  41      87453.229
 94  42      87450.679
 94  43      87454.430
 94  44      87455.501
 94  45      87464.673
 94  46      87470.974
 95  36      88417.460
 95  37      88407.222
 95  38      88397.488
 95  39      88390.893
 95  40      88385.937
 95  41      88384.306
 95  42      88382.875
 95  43      88384.061
 95  44      88386.121
 95  45      88390.734
 95  46      88398.604
 96  36      89352.034
 96  37      89343.253
 96  38      89331.178
 96  39      89325.260
 96  40      89317.652
 96  41      89316.983
 96  42      89313.286
 96  43      89315.755
 96  44      89314.992
 96  45      89320.881
 96  46      89323.881
 96  47      89335.049
 97  36      90289.184
 97  37      90277.582
 97  38      90267.014
 97  39      90258.969
 97  40      90251.643
 97  41      90248.474
 97  42      90246.031
 97  43      90245.846
 97  44      90246.446
 97  45      90249.465
 97  46      90253.753
 97  47      90260.229
 98  37      91213.226
 98  38      91200.667
 98  39      91194.290
 98  40      91184.793
 98  41      91182.050
 98  42      91176.954
 98  43      91178.133
 98  44      91175.836
 98  45      91180.381
 98  46      91181.732
 98  47      91189.483
 98  48      91194.409
 99  37      92147.969
 99  38      92136.063
 99  39      92127.429
 99  40      92119.953
 99  41      92114.733
 99  42      92110.594
 99  43      92108.731
 99  44      92107.929
 99  45      92109.469
 99  46      92112.364
 99  47      92117.331
 99  48      92123.608
100  37      93084.337
100  38      93070.257
100  39      93062.245
100  40      93052.690
100  41      93048.765
100  42      93041.865
100  43      93041.532
100  44      93037.821
100  45      93040.954
100  46      93040.828
100  47      93047.399
100  48      93050.839
100  49      93060.217
100  50      93066.745
101  38      94006.247
101  39      93996.006
101  40      93987.396
101  41      93981.165
101  42      93976.032
101  43      93972.703
101  44      93970.585
101  45      93970.626
101  46      93972.103
101  47      93975.697
101  48      93980.691
101  50      93995.216
102  38      94940.907
102  39      94931.388
102  40      94920.468
102  41      94915.246
102  42      94907.480
102  43      94905.968
102  44      94900.931
102  45      94902.750
102  46      94901.126
102  47      94906.279
102  48      94908.362
102  49      94916.824
102  50      94922.081
103  39      95865.597
103  40      95855.734
103  41      95848.016
103  42      95841.579
103  43      95837.432
103  44      95834.264
103  45      95832.995
103  46      95833.066
103  47      95835.217
103  48      95838.864
103  49      95844.380
103  50      95851.537
104  40      96789.320
104  41      96782.720
104  42      96773.684
104  43      96771.026
104  44      96764.930
104  45      96765.562
104  46      96762.622
104  47      96766.397
104  48      96767.042
104  49      96774.324
104  50      96778.377
104  51      96790.328
105  39      97735.773
105  40      97725.073
105  41      97716.117
105  42      97708.191
105  43      97702.734
105  44      97698.585
105  45      97696.164
105  46      97695.093
105  47      97695.937
105  48      97698.170
105  49      97702.360
105  50      97708.160
105  51      97716.980
105  52      97727.681
106  40      98659.482
106  41      98651.324
106  42      98640.888
106  43      98636.742
106  44      98629.690
106  45      98629.147
106  46      98625.098
106  47      98627.559
106  48      98626.866
106  49      98632.887
106  50      98635.638
106  51      98646.016
106  52      98653.767
107  40      99595.147
107  41      99585.297
107  42      99575.965
107  43      99569.262
107  44      99563.645
107  45      99560.140
107  46      99558.127
107  47      99557.589
107  48      99558.502
107  49      99561.425
107  50      99565.974
107  51      99573.330
107  52      99582.942
108  41     100520.970
108  42     100509.255
108  43     100503.583
108  44     100495.340
108  45     100493.466
108  46     100488.469
108  47     100489.883
108  48     100487.734
108  49     100492.363
108  50     100493.910
108  51     100503.032
108  52     100509.193
108  53     100521.823
109  41     101455.320
109  42     101444.839
109  43     101436.717
109  44     101429.757
109  45     101424.992
109  46     101421.881
109  47     101420.265
109  48     101419.976
109  49     101421.488
109  50     101424.844
109  51     101430.721
109  52     101438.754
109  53     101448.294
109  54     101459.295
110  41     102391.194
110  42     102378.456
110  43     102371.460
110  44     102361.917
110  45     102358.657
110  46     102352.651
110  47     102353.021
110  48     102349.627
110  49     102353.001
110  50     102353.126
110  51     102361.016
110  52     102365.733
110  53     102376.997
110  54     102385.036
111  42     103314.553
111  43     103304.964
111  44     103296.699
111  45     103290.675
111  46     103286.490
111  47     103283.757
111  48     103282.216
111  49     103282.573
111  50     103284.524
111  51     103289.123
111  52     103295.870
111  53     103304.001
111  54     103314.057
112  43     104240.223
112  44     104229.347
112  45     104224.742
112  46     104217.648
112  47     104216.883
112  48     104212.388
112  49     104214.469
112  50     104213.302
112  51     104219.855
112  52     104223.384
112  53     104233.386
112  54     104239.921
112  55     104253.155
113  43     105174.165
113  44     105164.604
113  45     105157.200
113  46     105151.873
113  47     105147.934
113  48     105145.414
113  49     105144.587
113  50     105145.123
113  51     105148.531
113  52     105154.098
113  53     105160.824
113  54     105169.238
113  55     105179.175
114  43     106109.870
114  44     106097.744
114  45     106091.751
114  46     106083.467
114  47     106081.524
114  48     106075.936
114  49     106076.878
114  50     106074.385
114  51     106079.946
114  52     106082.051
114  54     106095.849
114  55     106107.751
114  56     106116.027
115  43     107043.645
115  44     107033.271
115  45     107024.726
115  46     107018.026
115  47     107012.966
115  48     107009.361
115  49     107007.406
115  50     107006.405
115  51     107008.933
115  52     107013.371
115  53     107018.594
115  54     107025.773
116  44     107966.885
116  45     107959.714
116  46     107950.115
116  47     107946.900
116  48     107940.227
116  49     107940.186
116  50     107936.407
116  51     107940.608
116  52     107941.659
116  53     107948.933
116  54     107952.877
117  44     108902.959
117  45     108893.047
117  46     108885.016
117  47     108878.755
117  48     108874.015
117  49     108870.987
117  50     108869.029
117  51     108870.285
117  52     108873.326
117  53     108877.484
117  54     108883.232
117  55     108890.423
117  56     108898.957
118  45     109828.551
118  46     109817.546
118  47     109812.877
118  48     109805.226
118  49     109804.196
118  50     109799.268
118  51     109802.422
118  52     109802.219
118  53     109808.443
118  54     109810.833
118  55     109820.001
119  45     110762.110
119  46     110753.021
119  47     110745.279
119  48     110739.444
119  49     110735.219
119  50     110732.350
119  51     110732.438
119  52     110734.229
119  53     110737.142
119  54     110741.611
119  55     110747.599
119  56     110754.812
120  46     111685.643
120  47     111679.768
120  48     111670.958
120  49     111668.684
120  50     111662.811
120  51     111664.989
120  52     111663.536
120  53     111668.649
120  54     111669.727
120  55     111677.509
120  56     111682.008
121  45     112631.671
121  46     112621.234
121  47     112612.510
121  48     112605.336
121  49     112600.070
121  50     112596.206
121  51     112595.300
121  52     112595.853
121  53     112597.645
121  54     112600.913
121  55     112605.790
121  56     112611.646
122  46     113554.295
122  47     113547.301
122  48     113537.291
122  49     113533.828
122  50     113526.956
122  51     113528.059
122  52     113525.578
122  53     113529.310
122  54     113529.533
122  55     113536.242
122  56     113539.276
123  46     114489.975
123  47     114480.353
123  48     114471.984
123  49     114465.464
123  50     114460.575
123  51     114458.665
123  52     114458.214
123  53     114458.940
123  54     114461.133
123  55     114464.837
123  56     114469.724
124  47     115415.195
124  48     115404.190
124  49     115399.519
124  50     115391.652
124  51     115391.763
124  52     115388.355
124  53     115391.013
124  54     115390.215
124  55     115395.643
124  56     115397.783
124  57     115406.113
125  47     116348.370
125  48     116339.038
125  49     116331.406
125  50     116325.483
125  51     116322.621
125  52     116321.352
125  53     116321.035
125  54     116322.177
125  55     116324.781
125  56     116328.698
125  57     116334.106
126  48     117271.623
126  49     117265.604
126  50     117256.859
126  51     117255.978
126  52     117251.803
126  53     117253.455
126  54     117251.717
126  55     117256.012
126  56     117257.191
126  57     117264.386
126  58     117268.038
127  48     118206.627
127  49     118197.975
127  50     118190.897
127  51     118187.166
127  52     118185.081
127  53     118183.877
127  54     118184.037
127  55     118185.617
127  56     118188.537
127  57     118192.958
127  58     118198.374
128  48     119139.626
128  49     119132.219
128  50     119122.500
128  51     119120.729
128  52     119115.863
128  53     119116.616
128  54     119113.992
128  55     119117.419
128  56     119117.471
128  57     119123.723
128  58     119126.313
128  59     119135.016
129  48     120075.304
129  49     120065.022
129  50     120056.765
129  51     120052.224
129  52     120049.346
129  53     120047.342
129  54     120046.651
129  55     120047.346
129  56     120049.280
129  57     120052.518
129  58     120057.054
129  59     120063.067
130  48     121008.739
130  49     120999.470
130  50     120988.718
130  51     120986.062
130  52     120980.492
130  53     120980.407
130  54     120976.960
130  55     120979.439
130  56     120978.576
130  57     120983.709
130  58     120985.412
130  59     120993.159
130  60     120997.238
131  48     121946.132
131  49     121932.822
131  50     121923.080
131  51     121917.860
131  52     121914.128
131  53     121911.394
131  54     121909.921
131  55     121909.774
131  56     121910.648
131  57     121913.061
131  58     121916.621
131  59     121921.528
131  60     121927.560
132  49     122869.930
132  50     122855.292
132  51     122851.701
132  52     122845.645
132  53     122844.628
132  54     122840.550
132  55     122842.175
132  56     122840.391
132  57     122844.601
132  58     122845.353
132  59     122852.095
132  60     122855.397
133  50     123792.459
133  51     123783.906
133  52     123779.390
133  53     123775.967
133  54     123773.680
133  55     123772.750
133  56     123772.766
133  57     123774.324
133  58     123776.899
133  59     123780.879
133  60     123785.984
133  61     123792.409
134  50     124728.393
134  51     124720.303
134  52     124711.288
134  53     124709.276
134  54     124704.691
134  55     124705.424
134  56     124702.864
134  57     124706.094
134  58     124705.979
134  59     124711.783
134  60     124714.164
134  61     124722.572
135  50     125665.689
135  51     125656.128
135  52     125647.587
135  53     125641.034
135  54     125637.898
135  55     125636.228
135  56     125635.458
135  57     125636.163
135  58     125637.690
135  59     125640.869
135  60     125645.091
135  61     125650.752
135  62     125657.447
136  51     126592.805
136  52     126582.384
136  53     126576.762
136  54     126569.376
136  55     126568.965
136  56     126565.915
136  57     126568.263
136  58     126567.292
136  59     126571.959
136  60     126573.599
136  61     126581.129
136  62     126584.988
137  51     127528.746
137  52     127519.000
137  53     127511.445
137  54     127504.916
137  55     127500.252
137  56     127498.575
137  57     127498.654
137  58     127499.375
137  59     127501.592
137  60     127504.708
137  61     127509.720
137  62     127515.266
137  63     127522.647
138  51     128466.080
138  52     128454.102
138  53     128447.316
138  54     128438.821
138  55     128435.405
138  56     128429.529
138  57     128430.770
138  58     128429.217
138  59     128433.153
138  60     128433.769
138  61     128440.346
138  62     128443.289
138  63     128452.538
139  52     129391.087
139  53     129382.319
139  54     129374.643
139  55     129369.085
139  56     129364.371
139  57     129361.557
139  58     129361.334
139  59     129362.963
139  60     129365.267
139  61     129369.280
139  62     129373.901
139  63     129380.383
140  52     130326.210
140  53     130318.678
140  54     130308.795
140  55     130304.230
140  56     130297.509
140  57     130295.961
140  58     130291.700
140  59     130294.587
140  60     130294.516
140  61     130300.061
140  62     130302.319
140  63     130310.289
140  64     130314.994
140  65     130325.795
141  53     131253.851
141  54     131245.079
141  55     131238.297
141  56     131232.540
141  57     131228.840
141  58     131225.837
141  59     131224.754
141  60     131226.077
141  61     131229.246
141  62     131233.335
141  63     131238.844
141  64     131245.046
141  65     131253.230
142  53     132190.502
142  54     132179.540
142  55     132173.754
142  56     132165.924
142  57     132163.241
142  58     132158.231
142  59     132158.476
142  60     132155.813
142  61     132160.121
142  62     132161.777
142  63     132168.950
142  64     132172.805
142  65     132182.706
143  54     133116.061
143  55     133108.087
143  56     133101.324
143  57     133096.588
143  58     133092.652
143  59     133090.690
143  60     133089.255
143  61     133089.797
143  62     133092.740
143  63     133097.516
143  64     133103.027
143  65     133110.340
143  66     133118.091
144  54     134050.886
144  55     134043.985
144  56     134034.988
144  57     134031.404
144  58     134025.321
144  59     134024.501
144  60     134021.004
144  61     134022.835
144  62     134021.786
144  63     134027.633
144  64     134030.993
144  65     134039.885
144  66     134045.184
144  67     134056.647
145  54     134987.759
145  55     134978.696
145  56     134970.733
145  57     134964.912
145  58     134960.180
145  59     134957.120
145  60     134954.814
145  61     134954.478
145  62     134954.594
145  63     134956.754
145  64     134961.320
145  65     134967.359
145  66     134975.006
145  67     134983.630
146  54     135922.791
146  55     135914.934
146  56     135904.796
146  57     135900.192
146  58     135893.105
146  59     135891.559
146  60     135886.814
146  61     135887.785
146  62     135885.743
146  63     135889.122
146  64     135889.655
146  65     135897.478
146  66     135902.188
146  67     135913.006
146  68     135919.424
147  55     136849.819
147  56     136840.973
147  57     136834.058
147  58     136828.221
147  59     136824.290
147  60     136821.087
147  61     136819.691
147  62     136818.967
147  63     136820.189
147  64     136821.878
147  65     136825.993
147  66     136832.041
147  67     136839.981
147  68     136848.632
147  69     136858.768
148  55     137786.322
148  56     137775.138
148  57     137769.521
148  58     137761.331
148  59     137758.693
148  60     137753.320
148  61     137753.362
148  62     137750.391
148  63     137752.929
148  64     137752.459
148  65     137757.693
148  66     137759.871
148  67     137769.241
148  68     137775.255
148  69     137787.471
149  56     138711.105
149  57     138703.504
149  58     138696.553
149  59     138691.683
149  60     138687.846
149  61     138685.658
149  62     138684.086
149  63     138684.281
149  64     138685.096
149  65     138688.235
149  66     138691.529
149  67     138697.080
149  68     138704.487
150  57     139639.088
150  58     139629.870
150  59     139625.916
150  60     139620.036
150  61     139619.619
150  62     139615.665
150  63     139617.424
150  64     139615.953
150  65     139620.112
150  66     139621.409
150  67     139628.275
150  68     139631.891
151  57     140573.402
151  58     140564.986
151  59     140558.931
151  60     140554.267
151  61     140551.324
151  62     140549.634
151  63     140549.058
151  64     140549.022
151  65     140551.088
151  66     140553.461
151  67     140558.092
151  68     140562.950
151  69     140569.946
151  70     140578.679
152  59     141493.447
152  60     141486.555
152  61     141484.950
152  62     141480.942
152  63     141482.316
152  64     141479.998
152  65     141483.489
152  66     141483.589
152  67     141489.604
152  68     141492.210
152  69     141500.492
152  70     141505.445
153  59     142427.130
153  60     142420.868
153  61     142417.050
153  62     142414.639
153  63     142413.331
153  64     142413.317
153  65     142414.387
153  66     142416.058
153  67     142419.691
153  68     142423.736
153  69     142429.733
153  71     142444.339
154  59     143362.088
154  60     143353.867
154  61     143350.680
154  62     143346.237
154  63     143346.455
154  64     143343.987
154  65     143347.038
154  66     143346.302
154  67     143351.558
154  68     143353.094
154  69     143360.774
154  70     143364.771
155  59     144296.272
155  60     144288.903
155  61     144283.746
155  62     144279.996
155  63     144277.869
155  64     144277.118
155  65     144277.438
155  66     144279.034
155  67     144281.652
155  68     144284.984
155  69     144290.069
155  70     144295.695
155  71     144303.155
156  60     145222.207
156  61     145218.017
156  62     145212.320
156  63     145211.098
156  64     145208.147
156  65     145210.092
156  66     145209.155
156  67     145213.706
156  68     145214.475
156  69     145221.355
156  70     145224.426
156  71     145233.495
156  72     145238.880
157  60     146157.713
157  61     146151.377
157  62     146146.497
157  63     146143.216
157  64     146141.352
157  65     146140.913
157  66     146141.753
157  67     146143.846
157  68     146146.767
157  69     146150.974
157  70     146155.764
157  71     146162.248
157  73     146178.101
158  61     147086.079
158  62     147079.418
158  63     147076.914
158  64     147072.980
158  65     147073.700
158  66     147072.265
158  67     147075.986
158  68     147076.371
158  69     147082.474
158  70     147084.669
158  71     147092.970
158  72     147097.583
159  61     148020.108
159  62     148013.955
159  63     148009.620
159  64     148006.602
159  65     148005.132
159  66     148004.999
159  67     148006.338
159  68     148008.608
159  69     148012.101
159  70     148016.335
159  71     148021.968
159  72     148028.327
159  73     148036.244
160  62     148947.422
160  63     148943.677
160  64     148938.716
160  65     148938.323
160  66     148935.987
160  67     148938.779
160  68     148938.599
160  69     148943.863
160  70     148945.505
160  71     148952.901
160  72     148956.735
160  73     148966.353
160  74     148972.354
161  62     149882.479
161  63     149876.860
161  64     149872.646
161  65     149870.191
161  66     149869.098
161  67     149869.458
161  68     149870.956
161  69     149873.761
161  70     149877.323
161  71     149882.102
161  72     149887.853
161  73     149894.892
161  75     149911.838
162  63     150811.442
162  64     150805.366
162  65     150803.471
162  66     150800.467
162  67     150802.108
162  68     150801.317
162  69     150805.676
162  70     150806.830
162  71     150813.327
162  72     150816.493
162  73     150825.385
162  74     150830.670
163  63     151745.155
163  64     151739.826
163  65     151736.045
163  66     151733.761
163  67     151733.265
163  68     151733.978
163  69     151735.919
163  70     151738.851
163  71     151742.861
163  72     151747.892
163  73     151754.125
163  74     151761.255
163  75     151769.665
164  65     152670.057
164  66     152665.668
164  67     152666.156
164  68     152664.697
164  69     152668.238
164  70     152668.627
164  71     152674.505
164  72     152676.831
164  73     152684.870
164  74     152689.421
164  75     152699.688
164  76     152706.243
165  66     153599.518
165  67     153597.733
165  68     153597.612
165  69     153598.706
165  70     153600.843
165  71     153604.199
165  72     153608.509
165  73     153613.799
165  74     153620.290
165  75     153627.995
166  65     154537.239
166  66     154532.040
166  67     154531.055
166  68     154528.702
166  69     154531.242
166  70     154531.037
166  71     154536.114
166  72     154537.779
166  73     154545.044
166  74     154548.757
166  75     154558.256
166  76     154564.222
167  66     155466.188
167  67     155463.340
167  68     155461.831
167  69     155462.080
167  70     155463.536
167  71     155466.128
167  72     155469.664
167  73     155474.284
167  74     155480.041
167  76     155494.645
167  77     155503.580
168  66     156399.053
168  67     156397.053
168  68     156393.625
168  69     156394.805
168  70     156394.039
168  71     156398.055
168  72     156399.266
168  73     156405.736
168  74     156408.740
168  75     156417.342
168  76     156422.646
168  77     156433.480
168  78     156440.644
169  66     157333.510
169  67     157329.811
169  68     157327.187
169  69     157326.337
169  70     157326.737
169  71     157328.533
169  72     157331.404
169  73     157335.333
169  74     157340.210
169  75     157346.222
169  76     157353.413
169  77     157361.546
170  67     158263.864
170  68     158259.496
170  69     158259.311
170  70     158257.845
170  71     158260.805
170  72     158261.361
170  73     158266.980
170  74     158269.331
170  75     158277.212
170  76     158281.703
170  78     158298.340
171  67     159197.078
171  68     159193.379
171  69     159191.390
171  70     159190.796
171  71     159191.777
171  72     159193.677
171  73     159196.892
171  74     159201.029
171  75     159206.369
171  76     159212.822
171  77     159220.216
171  78     159228.664
171  79     159238.076
172  68     160126.109
172  69     160124.720
172  70     160122.342
172  71     160124.364
172  72     160124.200
172  73     160128.776
172  74     160130.512
172  75     160137.577
172  76     160141.374
172  77     160150.743
172  78     160156.521
172  79     160167.815
172  80     160175.580
173  69     161057.333
173  70     161055.540
173  71     161055.713
173  72     161056.685
173  73     161059.204
173  74     161062.376
173  75     161067.054
173  76     161072.674
173  77     161079.348
173  78     161087.179
173  79     161095.794
174  69     161991.218
174  70     161987.641
174  71     161988.518
174  72     161987.746
174  73     161991.353
174  74     161992.371
174  75     161998.429
174  76     162001.611
174  77     162010.247
174  78     162015.298
174  80     162032.986
175  69     162924.266
175  70     162921.384
175  71     162920.416
175  72     162920.603
175  73     162922.180
175  74     162924.459
175  75     162928.308
175  76     162932.995
175  77     162939.210
175  78     162946.396
175  79     162954.211
175  80     162963.148
176  69     163858.700
176  70     163854.082
176  71     163853.694
176  72     163852.003
176  73     163854.717
176  74     163854.944
176  75     163860.027
176  76     163862.496
176  77     163870.221
176  78     163874.670
176  79     163884.588
176  80     163890.830
176  81     163902.702
177  70     164788.081
177  71     164786.186
177  72     164785.193
177  73     164785.862
177  74     164787.378
177  75     164790.315
177  76     164794.132
177  77     164799.546
177  78     164805.728
177  79     164813.058
177  80     164821.326
177  81     164830.274
178  70     165720.866
178  71     165719.726
178  72     165717.132
178  74     165718.167
178  75     165722.425
178  76     165724.038
178  77     165730.835
178  78     165734.595
178  79     165743.794
178  80     165749.287
178  82     165768.190
179  71     166652.499
179  72     166650.598
179  73     166650.207
179  74     166650.773
179  75     166652.988
179  76     166656.057
179  77     166660.500
179  78     166665.818
179  79     166672.603
179  80     166680.169
179  81     166688.335
179  82     166698.160
180  71     167586.376
180  72     167582.776
180  73     167583.126
180  74     167581.926
180  75     167585.229
180  76     167586.213
180  77     167592.098
180  78     167595.144
180  79     167603.460
180  80     167608.341
180  81     167618.711
180  82     167625.662
181  71     168519.749
181  72     168516.647
181  73     168515.115
181  74     168514.823
181  75     168516.043
181  76     168518.515
181  77     168522.106
181  78     168526.693
181  79     168532.709
181  80     168539.424
181  81     168546.793
181  82     168555.980
182  72     169449.494
182  73     169448.617
182  74     169446.305
182  75     169448.609
182  76     169448.950
182  77     169454.012
182  78     169456.400
182  79     169463.773
182  80     169468.003
182  81     169477.758
182  82     169483.767
183  71     170387.819
183  72     170383.755
183  73     170381.248
183  74     170379.679
183  75     170379.739
183  76     170381.389
183  77     170384.354
183  78     170388.290
183  79     170393.376
183  80     170399.269
183  81     170405.992
183  82     170414.511
184  72     171317.032
184  73     171315.196
184  74     171311.833
184  75     171312.823
184  76     171312.295
184  77     171316.441
184  78     171318.222
184  79     171324.743
184  80     171328.219
184  81     171337.190
184  82     171342.528
184  83     171354.150
185  72     172251.706
185  73     172248.135
185  74     172245.645
185  75     172244.718
185  76     172245.235
185  77     172247.210
185  78     172250.363
185  79     172254.698
185  80     172259.878
185  81     172265.810
185  82     172273.533
186  72     173185.096
186  73     173182.416
186  74     173178.018
186  75     173178.104
186  76     173176.535
186  77     173179.868
186  78     173180.680
186  79     173186.335
186  80     173189.017
186  81     173197.175
186  82     173201.886
186  83     173212.929
186  84     173219.683
187  73     174115.622
187  74     174112.117
187  75     174110.309
187  76     174109.810
187  77     174110.985
187  78     174113.354
187  79     174116.516
187  80     174120.932
187  81     174126.111
187  82     174133.075
187  83     174141.186
187  84     174149.905
188  73     175050.400
188  74     175044.847
188  75     175044.002
188  76     175041.386
188  77     175043.683
188  78     175043.712
188  79     175048.667
188  80     175050.342
188  81     175057.714
188  82     175061.741
188  83     175071.868
188  84     175078.026
189  74     175979.392
189  75     175976.534
189  76     175975.031
189  77     175975.073
189  78     175976.558
189  79     175978.951
189  80     175982.412
189  81     175986.928
189  82     175993.206
189  83     176000.493
189  84     176008.642
190  74     176912.121
190  75     176910.372
190  76     176906.804
190  77     176908.263
190  78     176907.215
190  79     176911.193
190  80     176912.162
190  81     176918.666
190  82     176922.128
190  83     176931.452
190  84     176936.995
191  74     177846.821
191  75     177843.151
191  76     177840.611
191  77     177839.802
191  78     177840.317
191  79     177841.723
191  80     177844.434
191  81     177848.249
191  82     177853.808
191  83     177860.306
191  84     177867.984
191  85     177876.424
192  75     178777.407
192  76     178772.618
192  77     178773.169
192  78     178771.221
192  79     178774.243
192  80     178774.509
192  81     178780.154
192  82     178782.977
192  83     178791.505
192  84     178796.476
192  85     178806.980
193  75     179710.258
193  76     179706.600
193  77     179704.962
193  78     179704.524
193  79     179705.104
193  80     179706.952
193  81     179710.043
193  82     179714.832
193  83     179720.649
193  84     179727.715
193  85     179735.481
193  86     179744.099
194  76     180639.053
194  77     180638.461
194  78     180635.738
194  79     180637.791
194  80     180637.325
194  81     180642.077
194  82     180644.313
194  83     180651.999
194  84     180656.530
194  85     180666.322
194  86     180672.274
195  76     181573.471
195  77     181570.795
195  78     181569.198
195  79     181568.930
195  80     181569.989
195  81     181572.353
195  82     181576.307
195  83     181581.496
195  84     181587.973
195  85     181595.066
195  86     181603.094
196  76     182506.199
196  77     182504.545
196  78     182500.841
196  79     182501.852
196  80     182500.671
196  81     182504.506
196  82     182506.161
196  83     182513.007
196  84     182517.050
196  85     182526.116
196  86     182531.509
197  77     183437.211
197  78     183434.560
197  79     183433.345
197  80     183433.451
197  81     183435.155
197  82     183438.258
197  83     183442.823
197  84     183448.659
197  85     183455.169
197  86     183462.543
197  87     183470.795
198  78     184366.570
198  79     184366.399
198  80     184364.531
198  81     184367.462
198  82     184368.430
198  83     184374.635
198  84     184378.038
198  85     184386.304
198  86     184391.296
198  87     184401.609
199  77     185304.065
199  78     185300.579
199  79     185298.380
199  80     185297.433
199  81     185298.426
199  82     185300.760
199  83     185304.701
199  84     185309.797
199  85     185315.689
199  86     185322.521
199  87     185330.300
200  78     186232.863
200  79     186231.727
200  80     186228.970
200  81     186230.932
200  82     186231.234
200  83     186236.621
200  84     186239.558
200  85     186247.019
200  86     186251.510
200  87     186261.155
201  78     187167.216
201  79     187164.061
201  80     187162.305
201  81     187162.292
201  82     187163.709
201  83     187167.070
201  84     187171.472
201  85     187176.711
201  86     187182.936
201  87     187190.106
201  88     187197.962
202  78     188099.758
202  79     188097.603
202  80     188094.116
202  81     188094.987
202  82     188094.533
202  83     188099.239
202  84     188101.546
202  85     188108.404
202  86     188112.228
202  87     188121.107
202  88     188126.594
203  79     189030.306
203  80     189027.686
203  81     189026.700
203  82     189027.181
203  83     189029.950
203  84     189033.671
203  85     189038.327
203  86     189043.843
203  87     189050.382
203  88     189057.675
204  80     189959.759
204  81     189959.609
204  82     189958.352
204  83     189962.323
204  84     189964.134
204  85     189970.108
204  86     189973.521
204  87     189981.607
204  88     189986.565
205  80     190893.656
205  81     190891.629
205  82     190891.186
205  83     190893.398
205  84     190896.448
205  85     190900.505
205  86     190905.275
205  87     190911.184
205  88     190917.841
205  89     190925.618
206  80     191826.492
206  81     191824.690
206  82     191822.665
206  83     191825.929
206  84     191827.275
206  85     191832.542
206  86     191835.346
206  87     191842.745
206  88     191847.062
206  89     191856.484
207  80     192762.444
207  81     192757.403
207  82     192755.492
207  83     192757.396
207  84     192759.812
207  85     192763.238
207  86     192767.339
207  87     192772.637
207  88     192778.535
207  89     192785.645
208  80     193697.161
208  81     193693.182
208  82     193687.690
208  83     193690.075
208  84     193690.982
208  85     193695.490
208  86     193697.812
208  87     193704.310
208  88     193708.212
208  89     193716.746
208  90     193722.186
209  81     194627.781
209  82     194623.318
209  83     194622.180
209  84     194623.580
209  85     194626.571
209  86     194630.020
209  87     194634.700
209  88     194639.837
209  89     194646.331
210  81     195563.673
210  82     195557.698
210  83     195557.141
210  84     195555.487
210  85     195558.976
210  86     195560.851
210  87     195566.631
210  88     195569.915
210  89     195577.771
210  90     195582.550
211  81     196498.336
211  82     196493.428
211  83     196491.568
211  84     196490.502
211  85     196490.795
211  86     196493.194
211  87     196497.318
211  88     196501.799
211  89     196507.678
211  90     196513.895
212  82     197427.866
212  83     197426.803
212  84     197424.059
212  85     197425.308
212  86     197424.784
212  87     197429.436
212  88     197432.262
212  89     197439.247
212  90     197443.590
212  91     197452.582
213  81     198369.186
213  82     198363.705
213  83     198361.184
213  84     198359.269
213  85     198358.850
213  86     198359.242
213  87     198360.893
213  88     198364.300
213  89     198369.618
213  90     198375.093
213  91     198382.146
214  82     199298.220
214  83     199296.709
214  84     199292.947
214  85     199293.544
214  86     199292.112
214  87     199294.981
214  88     199295.542
214  89     199301.402
214  90     199305.162
214  91     199313.462
215  82     200234.239
215  83     200231.033
215  84     200228.369
215  85     200227.162
215  86     200226.757
215  87     200227.752
215  88     200229.477
215  89     200232.482
215  90     200236.883
215  91     200243.335
215  92     200249.904
216  83     201166.772
216  84     201162.187
216  85     201162.169
216  86     201159.673
216  87     201161.899
216  88     201161.728
216  89     201166.090
216  90     201167.754
216  91     201174.764
216  92     201179.542
217  83     202101.122
217  84     202097.782
217  85     202095.801
217  86     202094.573
217  87     202094.737
217  88     202095.821
217  89     202098.144
217  90     202101.155
217  91     202105.528
218  83     203037.102
218  84     203031.750
218  85     203030.999
218  86     203027.626
218  87     203028.976
218  88     203028.076
218  89     203031.778
218  90     203032.810
218  91     203038.637
218  92     203041.358
219  84     203967.569
219  85     203964.791
219  86     203962.732
219  87     203962.028
219  88     203962.314
219  89     203963.998
219  90     203966.409
219  91     203969.988
219  92     203974.244
219  93     203979.925
220  84     204901.645
220  85     204900.264
220  86     204896.009
220  87     204896.387
220  88     204894.684
220  89     204897.666
220  90     204898.101
221  84     205837.649
221  85     205834.166
221  86     205831.362
221  87     205829.676
221  88     205828.871
221  89     205829.940
221  90     205831.866
221  91     205834.812
221  92     205838.466
222  84     206771.856
222  85     206769.830
222  86     206764.757
222  87     206764.271
222  88     206761.722
222  89     206763.532
222  90     206763.623
222  92     206769.713
223  85     207703.799
223  86     207700.269
223  87     207697.769
223  88     207696.129
223  89     207696.231
223  90     207697.300
223  91     207699.745
223  92     207702.771
224  85     208639.576
224  86     208633.818
224  87     208632.630
224  88     208629.216
224  89     208630.133
224  90     208629.402
224  91     208632.780
224  92     208634.150
225  86     209569.401
225  87     209566.196
225  88     209563.877
225  89     209563.030
225  90     209563.212
225  91     209564.753
225  92     209567.302
225  93     209571.021
226  86     210503.108
226  87     210501.390
226  88     210497.046
226  89     210497.196
226  90     210495.594
226  91     210497.939
226  92     210498.745
227  86     211438.741
227  87     211435.046
227  88     211432.050
227  89     211430.231
227  90     211429.695
227  91     211430.231
227  92     211431.956
227  93     211434.983
228  86     212372.593
228  87     212370.242
228  88     212365.306
228  89     212364.770
228  90     212362.155
228  91     212363.818
228  92     212363.627
228  93     212367.511
228  94     212369.514
229  86     213308.206
229  87     213304.020
229  88     213300.422
229  89     213298.059
229  90     213296.464
229  91     213296.285
229  92     213297.109
229  93     213299.189
229  94     213302.316
229  95     213306.582
230  87     214239.332
230  88     214233.871
230  89     214232.702
230  90     214229.235
230  91     214230.056
230  92     214229.008
230  93     214232.140
230  94     214233.349
231  87     215173.420
231  88     215169.065
231  89     215166.120
231  90     215163.683
231  91     215162.801
231  92     215162.693
231  93     215164.022
231  94     215166.217
232  87     216108.907
232  88     216102.839
232  89     216101.006
232  90     216096.808
232  91     216096.817
232  92     216094.990
232  94     216097.766
233  87     217043.248
233  88     217038.171
233  89     217034.654
233  90     217031.587
233  91     217029.854
233  92     217028.794
233  93     217029.334
233  94     217030.948
233  96     217037.214
234  88     217972.261
234  89     217969.681
234  90     217964.962
234  91     217964.198
234  92     217961.514
234  93     217962.835
234  94     217962.741
234  96     217968.139
235  89     218903.691
235  90     218899.861
235  91     218897.642
235  92     218895.782
235  93     218895.417
235  94     218896.067
235  95     218898.022
236  89     219839.049
236  90     219833.592
236  91     219832.181
236  92     219828.802
236  93     219829.246
236  94     219828.281
236  96     219832.257
237  90     220768.786
237  91     220765.869
237  92     220763.242
237  93     220762.234
237  94     220761.965
237  96     220765.144
237  98     220772.861
238  91     221700.729
238  92     221696.653
238  93     221696.311
238  94     221694.530
238  95     221696.300
238  96     221696.836
239  92     222631.412
239  93     222629.661
239  94     222628.450
239  95     222628.763
239  96     222630.032
240  92     223565.049
240  93     223564.161
240  94     223561.481
240  95     223562.377
240  96     223562.103
240  98     223567.395
241  93     224497.599
241  94     224495.805
241  95     224495.295
241  96     224495.575
242  93     225432.249
242  94     225429.060
242  95     225429.323
242  96     225428.171
242  98     225431.779
243  94     226363.592
243  95     226362.524
243  96     226362.043
243  97     226363.063
244  94     227297.138
244  95     227296.722
244  96     227294.807
244  97     227296.581
244  98     227296.858
245  94     228232.004
245  95     228230.238
245  96     228228.854
245  97     228229.175
245  98     228230.260
246  94     229165.715
246  96     229161.960
246  97     229162.823
246  98     229162.459
246 100     229167.584
247  96     230096.371
247  97     230095.839
247  98     230095.966
247  99     230097.954
248  96     231029.724
248  98     231028.595
248 100     231032.282
249  96     231964.576
249  97     231963.184
249  98     231962.574
249 100     231965.397
250  96     232898.309
250  97     232897.782
250  98     232895.515
250 100     232897.444
251  96     233833.462
251  97     233831.554
251  98     233829.974
251  99     233829.864
251 100     233830.820
251 101     233833.347
252  98     234763.368
252  99     234764.141
252 100     234763.176
252 102     234768.260
253  98     235698.129
253  99     235697.351
253 100     235697.200
253 102     235701.242
254  98     236631.663
254  99     236631.825
254 100     236630.251
254 102     236633.100
255  99     237565.418
255 100     237564.642
255 101     237565.200
255 102     237566.678
255 103     237569.334
256 100     238497.823
256 102     238499.187
256 103     238502.627
256 104     238504.618
257 100     239432.421
257 101     239432.338
257 102     239433.107
257 104     239437.757
258 101     240366.526
258 104     240369.725
259 102     241299.926
259 105     241306.386
260 106     242241.953
261 104     243169.185
261 106     243174.904
262 106     244106.759
264 108     245979.980
265 108     246912.811
266 108     247844.541
269 110     250651.759
270 110     251583.096
